DATA:  Sample locations Game and Bill
Latitude        Longitude     L2norm weight mpua kg/m2       Sample number
6.12652780e+01 -1.52184167e+02 1.0  2.57422000e+02  1   0.00000000e+00 3.68000000e+00 1.27700000e+01 2.65200000e+01 2.55000000e+01 1.96900000e+01 8.24000000e+00 3.59000000e+00 0.00000000e+00 0.00000000e+00 0.00000000e+00 0.00000000e+00 0.00000000e+00 0.00000000e+00 0.00000000e+00 0.00000000e+00
6.12558330e+01 -1.52143889e+02 1.0  2.14300000e+02  3   0.00000000e+00 0.00000000e+00 7.31000000e+00 2.85400000e+01 2.73400000e+01 1.92300000e+01 1.16200000e+01 4.31000000e+00 1.00000000e+00 6.50000000e-01 0.00000000e+00 0.00000000e+00 0.00000000e+00 0.00000000e+00 0.00000000e+00 0.00000000e+00
6.12472220e+01 -1.52117222e+02 1.0  4.19000000e+01  4   0.00000000e+00 0.00000000e+00 1.75100000e+01 4.26300000e+01 1.59100000e+01 9.31000000e+00 7.61000000e+00 3.30000000e+00 9.30000000e-01 2.80000000e+00 0.00000000e+00 0.00000000e+00 0.00000000e+00 0.00000000e+00 0.00000000e+00 0.00000000e+00
6.12572220e+01 -1.52100833e+02 1.0  1.45500000e+02  6   0.00000000e+00 0.00000000e+00 5.81000000e+00 2.26200000e+01 3.14300000e+01 2.22200000e+01 1.04100000e+01 5.51000000e+00 1.50000000e+00 5.00000000e-01 0.00000000e+00 0.00000000e+00 0.00000000e+00 0.00000000e+00 0.00000000e+00 0.00000000e+00
6.12855560e+01 -1.52124722e+02 1.0  3.10240000e+01  7   0.00000000e+00 0.00000000e+00 3.54000000e+00 1.44600000e+01 2.30000000e+01 2.11900000e+01 1.57400000e+01 1.22800000e+01 9.78000000e+00 0.00000000e+00 0.00000000e+00 0.00000000e+00 0.00000000e+00 0.00000000e+00 0.00000000e+00 0.00000000e+00
6.12733330e+01 -1.52085278e+02 1.0  2.14225000e+02  10  0.00000000e+00 0.00000000e+00 2.26000000e+00 1.48100000e+01 2.57300000e+01 2.87400000e+01 1.88200000e+01 9.64000000e+00 0.00000000e+00 0.00000000e+00 0.00000000e+00 0.00000000e+00 0.00000000e+00 0.00000000e+00 0.00000000e+00 0.00000000e+00
6.13094440e+01 -1.51985833e+02 1.0  1.55250000e+01  12  0.00000000e+00 0.00000000e+00 0.00000000e+00 6.00000000e-01 1.05800000e+01 3.35300000e+01 2.67500000e+01 1.71700000e+01 6.49000000e+00 4.89000000e+00 0.00000000e+00 0.00000000e+00 0.00000000e+00 0.00000000e+00 0.00000000e+00 0.00000000e+00
6.12708330e+01 -1.51965556e+02 1.0  1.22462000e+02  14  0.00000000e+00 0.00000000e+00 0.00000000e+00 1.77000000e+00 1.21000000e+01 3.28400000e+01 3.81700000e+01 1.51200000e+01 0.00000000e+00 0.00000000e+00 0.00000000e+00 0.00000000e+00 0.00000000e+00 0.00000000e+00 0.00000000e+00 0.00000000e+00
6.12461110e+01 -1.52040000e+02 1.0  7.20500000e+01  15  0.00000000e+00 0.00000000e+00 8.10000000e-01 1.74000000e+01 4.57300000e+01 3.21000000e+01 3.54000000e+00 4.30000000e-01 0.00000000e+00 0.00000000e+00 0.00000000e+00 0.00000000e+00 0.00000000e+00 0.00000000e+00 0.00000000e+00 0.00000000e+00
6.12716670e+01 -1.51819167e+02 1.0  5.46620000e+01  16  0.00000000e+00 0.00000000e+00 0.00000000e+00 0.00000000e+00 0.00000000e+00 2.90000000e+00 3.16000000e+01 5.88000000e+01 5.90000000e+00 8.00000000e-01 0.00000000e+00 0.00000000e+00 0.00000000e+00 0.00000000e+00 0.00000000e+00 0.00000000e+00
6.12208330e+01 -1.51578611e+02 1.0  0.00000000e+00  17  0.00000000e+00 0.00000000e+00 0.00000000e+00 0.00000000e+00 0.00000000e+00 0.00000000e+00 0.00000000e+00 7.22500000e+01 2.77500000e+01 0.00000000e+00 0.00000000e+00 0.00000000e+00 0.00000000e+00 0.00000000e+00 0.00000000e+00 0.00000000e+00
6.11794440e+01 -1.51029444e+02 1.0  1.10400000e+00  20  0.00000000e+00 0.00000000e+00 0.00000000e+00 0.00000000e+00 0.00000000e+00 0.00000000e+00 0.00000000e+00 1.00000000e-01 4.10000000e-01 9.29100000e+01 6.59000000e+00 0.00000000e+00 0.00000000e+00 0.00000000e+00 0.00000000e+00 0.00000000e+00
6.12388890e+01 -1.50947500e+02 1.0  3.31100000e+00  21  0.00000000e+00 0.00000000e+00 0.00000000e+00 0.00000000e+00 0.00000000e+00 0.00000000e+00 0.00000000e+00 4.00000000e-01 8.66200000e+01 1.28800000e+01 1.00000000e-01 0.00000000e+00 0.00000000e+00 0.00000000e+00 0.00000000e+00 0.00000000e+00
6.13219440e+01 -1.50830278e+02 1.0  5.52800000e+00  22  0.00000000e+00 0.00000000e+00 0.00000000e+00 0.00000000e+00 0.00000000e+00 0.00000000e+00 0.00000000e+00 4.00000000e-01 5.15600000e+01 4.79400000e+01 1.00000000e-01 0.00000000e+00 0.00000000e+00 0.00000000e+00 0.00000000e+00 0.00000000e+00
6.13977780e+01 -1.50600000e+02 1.0  1.47300000e+00  23  0.00000000e+00 0.00000000e+00 0.00000000e+00 0.00000000e+00 0.00000000e+00 0.00000000e+00 0.00000000e+00 0.00000000e+00 1.00900000e+01 8.29200000e+01 2.20000000e+00 1.40000000e+00 8.50000000e-01 8.50000000e-01 8.50000000e-01 8.50000000e-01
6.12683330e+01 -1.50337222e+02 1.0  4.99200000e+00  27  0.00000000e+00 0.00000000e+00 0.00000000e+00 0.00000000e+00 0.00000000e+00 0.00000000e+00 0.00000000e+00 3.00000000e-01 1.06000000e+01 8.75000000e+01 3.00000000e-01 2.60000000e-01 2.60000000e-01 2.60000000e-01 2.60000000e-01 2.60000000e-01
6.09225000e+01 -1.49642222e+02 1.0  3.52000000e-01  30  0.00000000e+00 0.00000000e+00 0.00000000e+00 0.00000000e+00 0.00000000e+00 0.00000000e+00 0.00000000e+00 0.00000000e+00 1.00000000e-01 6.65500000e+01 7.76000000e+00 5.56000000e+00 7.66000000e+00 7.14000000e+00 3.79000000e+00 1.44000000e+00
6.13041670e+01 -1.49522222e+02 1.0  5.82000000e-01  32  0.00000000e+00 0.00000000e+00 0.00000000e+00 0.00000000e+00 0.00000000e+00 0.00000000e+00 0.00000000e+00 0.00000000e+00 0.00000000e+00 5.15400000e+01 3.45700000e+01 2.85000000e+00 3.78000000e+00 4.34000000e+00 2.07000000e+00 8.60000000e-01
6.10122220e+01 -1.49225833e+02 1.0  1.24200000e+00  35  0.00000000e+00 0.00000000e+00 0.00000000e+00 0.00000000e+00 0.00000000e+00 0.00000000e+00 0.00000000e+00 0.00000000e+00 1.00000000e-02 6.25800000e+01 2.30700000e+01 2.96000000e+00 4.69000000e+00 4.73000000e+00 1.61000000e+00 3.50000000e-01
6.09597220e+01 -1.49121111e+02 1.0  1.04000000e+00  36  0.00000000e+00 0.00000000e+00 0.00000000e+00 0.00000000e+00 0.00000000e+00 0.00000000e+00 0.00000000e+00 0.00000000e+00 0.00000000e+00 0.00000000e+00 0.00000000e+00 0.00000000e+00 0.00000000e+00 0.00000000e+00 0.00000000e+00 0.00000000e+00
6.10394440e+01 -1.48992778e+02 1.0  2.00000000e+00  37  0.00000000e+00 0.00000000e+00 0.00000000e+00 0.00000000e+00 0.00000000e+00 0.00000000e+00 0.00000000e+00 0.00000000e+00 1.00000000e-02 5.46200000e+01 2.51500000e+01 3.08000000e+00 5.19000000e+00 7.37000000e+00 3.54000000e+00 1.04000000e+00
6.07436110e+01 -1.48702778e+02 1.0  4.55000000e-01  40  0.00000000e+00 0.00000000e+00 0.00000000e+00 0.00000000e+00 0.00000000e+00 0.00000000e+00 0.00000000e+00 0.00000000e+00 0.00000000e+00 1.41300000e+01 3.77400000e+01 1.07100000e+01 1.43000000e+01 1.48600000e+01 6.61000000e+00 1.64000000e+00
6.09052780e+01 -1.48602500e+02 1.0  5.56000000e-01  41  0.00000000e+00 0.00000000e+00 0.00000000e+00 0.00000000e+00 0.00000000e+00 0.00000000e+00 0.00000000e+00 0.00000000e+00 0.00000000e+00 6.42000000e+00 5.89300000e+01 1.15600000e+01 1.23000000e+01 8.41000000e+00 2.31000000e+00 7.00000000e-02
6.12363890e+01 -1.47993056e+02 1.0  3.72000000e-01  42  0.00000000e+00 0.00000000e+00 0.00000000e+00 0.00000000e+00 0.00000000e+00 0.00000000e+00 0.00000000e+00 0.00000000e+00 0.00000000e+00 4.00000000e-02 3.47600000e+01 2.55600000e+01 2.05400000e+01 1.38100000e+01 4.40000000e+00 8.90000000e-01
6.09872220e+01 -1.47797222e+02 1.0  2.62000000e+00  43  0.00000000e+00 0.00000000e+00 0.00000000e+00 0.00000000e+00 0.00000000e+00 0.00000000e+00 0.00000000e+00 0.00000000e+00 0.00000000e+00 6.69000000e+00 1.99500000e+01 1.80800000e+01 1.91700000e+01 1.62600000e+01 8.95000000e+00 5.52000000e+00
6.09158330e+01 -1.47461667e+02 1.0  2.20000000e+00  44  0.00000000e+00 0.00000000e+00 0.00000000e+00 0.00000000e+00 0.00000000e+00 0.00000000e+00 1.17200000e+01 8.24000000e+00 2.76000000e+00 4.35000000e+00 1.62800000e+01 2.33300000e+01 1.36300000e+01 8.09000000e+00 5.11000000e+00 3.27000000e+00
6.11286110e+01 -1.46343611e+02 1.0  2.11000000e-01  45  0.00000000e+00 0.00000000e+00 0.00000000e+00 0.00000000e+00 0.00000000e+00 0.00000000e+00 0.00000000e+00 0.00000000e+00 0.00000000e+00 0.00000000e+00 1.56900000e+01 3.73900000e+01 2.33200000e+01 1.24000000e+01 7.59000000e+00 3.61000000e+00
6.05448330e+01 -1.45744448e+02 1.0  1.33600000e+00  46  0.00000000e+00 0.00000000e+00 0.00000000e+00 0.00000000e+00 0.00000000e+00 0.00000000e+00 0.00000000e+00 0.00000000e+00 0.00000000e+00 1.00000000e-02 1.40700000e+01 3.27400000e+01 2.41200000e+01 1.58600000e+01 9.26000000e+00 3.94000000e+00
