#   Latitude   Longitude           x           y  Code Location 
    46.01217  -121.90125     0.00000     0.00000       ASW6_24_1 
    46.05025  -121.91429     0.00000     0.00000       ASW6_24_2 
    46.06452  -121.98259     0.00000     0.00000       ASW6_24_3 
    46.08046  -121.99662     0.00000     0.00000       ASW6_24_4 
    46.12476  -122.00147     0.00000     0.00000       ASW6_24_5 
    46.13710  -122.00099     0.00000     0.00000       ASW6_24_8 
    46.17507  -122.00084     0.00000     0.00000       ASW6_24_6 
    46.18737  -121.99575     0.00000     0.00000       ASW6_24_10
    46.21331  -121.99291     0.00000     0.00000       ASW6_24_11
    46.22868  -121.99527     0.00000     0.00000       ASW6_24_12
    46.23418  -121.98555     0.00000     0.00000       ASW6_24_12
    46.24016  -121.97872     0.00000     0.00000       ASW6_24_13
    46.26036  -121.97861     0.00000     0.00000       ASW6_24_14
    46.26397  -121.96245     0.00000     0.00000       ASW6_25_5 
    46.28291  -121.96380     0.00000     0.00000       ASW6_25_4 
    46.29043  -121.97632     0.00000     0.00000       ASW6_25_3 
    46.29600  -121.97529     0.00000     0.00000       ASW6_25_2 
    46.30693  -121.97153     0.00000     0.00000       ASW6_25_1 
    46.31336  -121.97405     0.00000     0.00000       ASW6_25_6 
    46.32468  -121.97278     0.00000     0.00000       ASW6_25_7A
    46.34439  -121.96848     0.00000     0.00000       ASW6_25_7B
    46.34886  -121.96665     0.00000     0.00000       ASW6_25_8A
    46.36134  -121.97212     0.00000     0.00000       ASW6_25_8B
    46.37819  -121.98502     0.00000     0.00000       ASW6_25_9A
    46.39203  -121.98860     0.00000     0.00000       ASW6_25_9B
    46.44990  -121.84244     0.00000     0.00000       RBW       
    46.44715  -121.79779     0.00000     0.00000       RBW       
    46.40293  -121.73716     0.00000     0.00000       RBW       
    46.41531  -121.74718     0.00000     0.00000       RBW       
    46.40590  -121.73894     0.00000     0.00000       RBW       
    46.39740  -121.73147     0.00000     0.00000       RBW       
    46.38771  -121.73144     0.00000     0.00000       RBW       
    46.37958  -121.73189     0.00000     0.00000       RBW       
    46.37201  -121.72559     0.00000     0.00000       RBW       
    46.34122  -121.70989     0.00000     0.00000       RBW       
    46.31806  -121.73181     0.00000     0.00000       RBW       
    46.28898  -121.66641     0.00000     0.00000       RBW       
    46.27495  -121.60225     0.00000     0.00000       RBW       
    46.55554  -121.63474     0.00000     0.00000       RBW       
    46.54116  -121.62105     0.00000     0.00000       RBW       
    46.51057  -121.59467     0.00000     0.00000       RBW       
    46.49525  -121.57938     0.00000     0.00000       RBW       
    46.47295  -121.56210     0.00000     0.00000       RBW       
    46.45582  -121.55235     0.00000     0.00000       RBW       
    46.44448  -121.54538     0.00000     0.00000       RBW       
    46.41677  -121.55206     0.00000     0.00000       RBW       
    46.37903  -121.56825     0.00000     0.00000       RBW       
    47.16462  -120.70489     0.00000     0.00000       DZ20_32   
    47.09762  -120.65891     0.00000     0.00000       DZ20_29   
    47.00609  -120.59059     0.00000     0.00000       DZ20_25   
    46.97064  -120.51070     0.00000     0.00000       DZ20_UNKNO
    46.84383  -120.37671     0.00000     0.00000       DZ20_21   
    46.81821  -120.35598     0.00000     0.00000       DZ20_20   
    46.72383  -120.40341     0.00000     0.00000       DZ20_16   
    46.69836  -120.44157     0.00000     0.00000       DZ20_15   
    46.62643  -120.51099     0.00000     0.00000       DZ20_14   
    46.56315  -120.47113     0.00000     0.00000       DZ20_10   
    46.51696  -120.48090     0.00000     0.00000       DZ20_6    
    46.45340  -120.43120     0.00000     0.00000       DZ20_5    
    46.40470  -120.37867     0.00000     0.00000       DZ20_4    
    46.37046  -120.32020     0.00000     0.00000       DZ20_3    
    46.30719  -120.33379     0.00000     0.00000       DZ20_2_DZ2
    46.07314  -120.56090     0.00000     0.00000       DZ20_UNKNO
    47.27834  -120.06563     0.00000     0.00000       WH1       
    47.23753  -120.05211     0.00000     0.00000       WH2       
    47.23333  -119.85327     0.00000     0.00000       WH3       
    47.17595  -119.85374     0.00000     0.00000       WH4       
    47.12416  -119.85338     0.00000     0.00000       WH5       
    47.06146  -119.89250     0.00000     0.00000       WH6       
    47.00890  -119.95437     0.00000     0.00000       WH7       
    46.94003  -119.98475     0.00000     0.00000       WH8       
    46.85772  -119.95019     0.00000     0.00000       WH9       
    46.81166  -119.91904     0.00000     0.00000       WH10      
    46.66368  -119.89511     0.00000     0.00000       WH11      
    46.64587  -119.73715     0.00000     0.00000       WH12      
    47.31836  -119.55481     0.00000     0.00000       WH13      
    46.89779  -119.63627     0.00000     0.00000       WH14      
    46.82547  -119.38062     0.00000     0.00000       WH15      
    46.82622  -119.13420     0.00000     0.00000       WH16      
    46.99282  -119.11879     0.00000     0.00000       WH17      
    46.70164  -119.00611     0.00000     0.00000       WH18      
    46.64494  -119.00667     0.00000     0.00000       WH19      
    46.61386  -119.00685     0.00000     0.00000       WH20      
    47.81542  -119.36271     0.00000     0.00000       DZ21_1    
    47.64114  -119.35949     0.00000     0.00000       DZ21_2    
    47.54438  -119.46899     0.00000     0.00000       DZ21_3    
    47.39278  -119.48277     0.00000     0.00000       DZ21_6    
    47.25942  -119.45315     0.00000     0.00000       DZ21_7    
    47.13723  -119.25778     0.00000     0.00000       DZ21_8    
    47.01726  -119.14716     0.00000     0.00000       DZ21_9    
    46.88687  -119.13309     0.00000     0.00000       DZ21_10   
    46.72931  -119.04888     0.00000     0.00000       DZ21_11   
    46.57411  -119.00404     0.00000     0.00000       DZ21_12   
    46.40057  -119.05676     0.00000     0.00000       DZ21_13   
    46.25555  -119.08357     0.00000     0.00000       DZ21_14   
    46.40102  -117.93368     0.00000     0.00000       JD1       
    46.50982  -117.98983     0.00000     0.00000       JD2       
    46.60770  -118.22147     0.00000     0.00000       JD3       
    46.66634  -118.23109     0.00000     0.00000       JD4       
    46.71319  -118.39135     0.00000     0.00000       JD6       
    46.80203  -118.30076     0.00000     0.00000       JD7       
    46.90612  -118.33329     0.00000     0.00000       JD8       
    46.98350  -118.34323     0.00000     0.00000       JD9       
    47.06415  -118.36566     0.00000     0.00000       JD10      
    47.13020  -118.34725     0.00000     0.00000       JD11      
    47.20525  -118.28073     0.00000     0.00000       JD12      
    47.25122  -118.25766     0.00000     0.00000       JD13      
    47.39133  -118.25075     0.00000     0.00000       JD14      
    47.47868  -118.25047     0.00000     0.00000       JD15      
    47.56771  -118.17087     0.00000     0.00000       JD16      
    47.65851  -118.14110     0.00000     0.00000       JD17      
    47.78306  -118.17335     0.00000     0.00000       JD18      
    47.85959  -118.21542     0.00000     0.00000       JD19      
    47.90344  -118.30237     0.00000     0.00000       JD20      
    48.15350  -118.16926     0.00000     0.00000       JD21      
    47.75684  -118.72173     0.00000     0.00000       JD22      
    47.53696  -118.78267     0.00000     0.00000       JD23      
    47.33400  -118.69176     0.00000     0.00000       JD24      
    46.97188  -118.66494     0.00000     0.00000       JD_UNKNOWN
    48.22241  -118.70641     0.00000     0.00000       JD_UNKNOWN
    47.60306  -117.34585     0.00000     0.00000       JD_UNKNOWN
    47.60223  -117.39010     0.00000     0.00000       JD_UNKNOWN
    45.75209  -116.30656     0.00000     0.00000       SW230     
    45.93055  -116.13213     0.00000     0.00000       SW242     
    46.15249  -116.38834     0.00000     0.00000       SW264     
    46.42592  -117.00202     0.00000     0.00000       SW282     
    46.72697  -117.00164     0.00000     0.00000       SW328     
    46.86673  -117.00924     0.00000     0.00000       SW344     
    46.88182  -117.00357     0.00000     0.00000       SW356     
    46.96376  -116.93073     0.00000     0.00000       SW365     
    47.09659  -116.82752     0.00000     0.00000       SW379     
    47.13442  -116.89010     0.00000     0.00000       SW370     
    47.29708  -116.90831     0.00000     0.00000       SW390     
    47.40072  -116.92206     0.00000     0.00000       SW400     
    47.49650  -116.96353     0.00000     0.00000       SW412     
    47.66401  -116.83547     0.00000     0.00000       SW424     
    47.69954  -116.79168     0.00000     0.00000       SW431     
    47.83867  -116.77110     0.00000     0.00000       SW440     
    47.98782  -116.69712     0.00000     0.00000       SW450     
    48.12496  -116.60968     0.00000     0.00000       SW463     
    48.38828  -115.55586     0.00000     0.00000       WH_UNKNOWN
    48.34105  -114.33579     0.00000     0.00000       TB22      
    48.24531  -114.33043     0.00000     0.00000       TB21      
    48.16404  -114.28805     0.00000     0.00000       TB20      
    48.07664  -114.24585     0.00000     0.00000       TB19      
    47.96134  -114.18849     0.00000     0.00000       TB18      
    47.87407  -114.22767     0.00000     0.00000       TB17      
    47.83876  -114.28359     0.00000     0.00000       TB16      
    47.80296  -114.27766     0.00000     0.00000       TB15      
    47.74212  -114.22798     0.00000     0.00000       TB14      
    47.69268  -114.14515     0.00000     0.00000       TB13      
    47.59895  -114.11931     0.00000     0.00000       TB12      
    47.51495  -114.09711     0.00000     0.00000       TB11      
    47.41355  -114.09683     0.00000     0.00000       TB10      
    47.30717  -114.12412     0.00000     0.00000       TB9       
    47.24381  -114.16811     0.00000     0.00000       TB8       
    47.14083  -114.04441     0.00000     0.00000       TB7       
    47.07950  -114.04378     0.00000     0.00000       TB6       
    47.01023  -114.12254     0.00000     0.00000       TB5       
    46.96465  -114.13173     0.00000     0.00000       TB4       
    46.87042  -113.98121     0.00000     0.00000       TB1       
    46.82305  -114.07781     0.00000     0.00000       TB23      
    46.75682  -114.08254     0.00000     0.00000       TB24      
    46.65709  -114.07702     0.00000     0.00000       TB25      
    46.52344  -114.11427     0.00000     0.00000       TB26      
    46.43743  -114.13767     0.00000     0.00000       TB27      
    46.34182  -114.14965     0.00000     0.00000       TB28      
    46.25489  -114.15666     0.00000     0.00000       TB29      
    46.18116  -114.18133     0.00000     0.00000       TB30      
    46.03417  -114.17812     0.00000     0.00000       TB31      
    45.97181  -114.13867     0.00000     0.00000       TB32      
    45.92073  -114.10966     0.00000     0.00000       TB33      
    45.90708  -114.08332     0.00000     0.00000       TB34      
    45.99277  -112.53969     0.00000     0.00000       TBUNKNOWN 
    46.24402  -122.07103     0.00000     0.00000       CAREY1    
    46.31432  -121.90357     0.00000     0.00000       CAREY20   
    46.66763  -121.09461     0.00000     0.00000       CAREY66   
    46.73862  -120.79026     0.00000     0.00000       CAREY65   
    46.94422  -120.23572     0.00000     0.00000       CAREY61   
    47.11020  -119.82722     0.00000     0.00000       CAREY60   
    47.10750  -119.33204     0.00000     0.00000       CAREY59   
    47.08976  -119.04639     0.00000     0.00000       CAREY58   
    47.18774  -118.38749     0.00000     0.00000       CAREY50   
    46.55153  -122.27420     0.00000     0.00000       MORTON    
    46.53461  -122.48444     0.00000     0.00000       MOSSYROCK 
    46.51557  -122.58064     0.00000     0.00000       ZERO1     
    46.28927  -122.38057     0.00000     0.00000       ZERO2     
    46.15799  -122.22019     0.00000     0.00000       ZERO3     
    46.16969  -121.94199     0.00000     0.00000       ZERO4     
    46.15473  -121.72912     0.00000     0.00000       ZERO5     
    46.14391  -121.42942     0.00000     0.00000       ZERO6     
    46.20645  -121.01211     0.00000     0.00000       ZERO7     
    46.19882  -120.48630     0.00000     0.00000       ZERO8     
    46.21223  -120.00160     0.00000     0.00000       ZERO9     
    47.43408  -120.29860     0.00000     0.00000       ZERO10    
    47.31251  -120.69668     0.00000     0.00000       ZERO11    
    47.18998  -121.03930     0.00000     0.00000       ZERO12    
    47.07555  -121.51592     0.00000     0.00000       ZERO13    
    46.93412  -121.85886     0.00000     0.00000       ZERO14    
    46.76922  -122.19835     0.00000     0.00000       ZERO15    
    46.60746  -122.54435     0.00000     0.00000       ZERO16    
    46.50250  -122.59753     0.00000     0.00000       ZERO17    
    46.37848  -122.45773     0.00000     0.00000       ZERO18    
    46.25248  -122.32189     0.00000     0.00000       ZERO19    
    46.21122  -119.54898     0.00000     0.00000       ZERO20    
    46.20459  -119.11273     0.00000     0.00000       ZERO21    
    46.06434  -118.35202     0.00000     0.00000       ZERO22    
    46.00278  -117.86435     0.00000     0.00000       ZERO23    
    45.91521  -117.26884     0.00000     0.00000       ZERO24    
    45.75386  -116.31183     0.00000     0.00000       ZERO25    
    45.70491  -115.60763     0.00000     0.00000       ZERO26    
    48.47602  -114.39371     0.00000     0.00000       ZERO27    
    48.49176  -115.21806     0.00000     0.00000       ZERO28    
    48.49741  -115.63047     0.00000     0.00000       ZERO29    
    48.29764  -116.54271     0.00000     0.00000       ZERO30    
    48.32150  -117.28466     0.00000     0.00000       ZERO31    
    48.20839  -118.18046     0.00000     0.00000       ZERO32    
    48.27079  -118.70632     0.00000     0.00000       ZERO33    
    47.92290  -119.39868     0.00000     0.00000       ZERO34    
    47.58697  -114.03059     0.00000     0.00000       ZERO35    
    45.81134  -113.95606     0.00000     0.00000       ZERO36    
    45.77819  -112.71924     0.00000     0.00000       ZERO37    
    45.98599  -112.40231     0.00000     0.00000       ZERO38    
    46.39735  -112.41281     0.00000     0.00000       ZERO39    
    46.80866  -112.42355     0.00000     0.00000       ZERO40    
    47.01431  -112.42900     0.00000     0.00000       ZERO41    
    47.42560  -112.44010     0.00000     0.00000       ZERO42    
    47.83685  -112.45144     0.00000     0.00000       ZERO43    
    48.24806  -112.46304     0.00000     0.00000       ZERO44    
    48.65925  -112.47491     0.00000     0.00000       ZERO45    
    48.50472  -112.16091     0.00000     0.00000       ZERO46    
    48.49343  -112.98580     0.00000     0.00000       ZERO47    
    48.48741  -113.98189     0.00000     0.00000       ZERO48    
    48.48741  -113.98189     0.00000     0.00000       ZERO48    
