  -121.90125    46.01217    12.350    ASW6_24_1
  -121.91429    46.05025    15.600    ASW6_24_2
  -121.98259    46.06452    18.200    ASW6_24_3
  -121.99662    46.08046    23.400    ASW6_24_4
  -122.00147    46.12476    24.050    ASW6_24_5
  -122.00099    46.13710    13.000    ASW6_24_8
  -122.00084    46.17507    16.250    ASW6_24_6
  -121.99575    46.18737    29.250    ASW6_24_10
  -121.99291    46.21331    55.250    ASW6_24_11
  -121.99527    46.22868    84.500    ASW6_24_12A
  -121.98555    46.23418   104.000    ASW6_24_12B
  -121.97872    46.24016   113.750    ASW6_24_13
  -121.97861    46.26036   175.500    ASW6_24_14
  -121.96245    46.26397   182.000    ASW6_25_5
  -121.96380    46.28291   217.750    ASW6_25_4
  -121.97632    46.29043   234.000    ASW6_25_3
  -121.97529    46.29600   204.750    ASW6_25_2
  -121.97153    46.30693   178.750    ASW6_25_1
  -121.97405    46.31336   143.000    ASW6_25_6
  -121.97278    46.32468   104.000    ASW6_25_7A
  -121.96848    46.34439    65.000    ASW6_25_7B
  -121.96665    46.34886    58.500    ASW6_25_8A
  -121.97212    46.36134    41.600    ASW6_25_8B
  -121.98502    46.37819    35.750    ASW6_25_9A
  -121.98860    46.39203    39.000    ASW6_25_9B
  -121.84244    46.44990    31.200    RBW
  -121.79779    46.44715    32.500    RBW
  -121.73716    46.40293    44.200    RBW
  -121.74718    46.41531    71.500    RBW
  -121.73894    46.40590    84.500    RBW
  -121.73147    46.39740   100.100    RBW
  -121.73144    46.38771    92.300    RBW
  -121.73189    46.37958    87.100    RBW
  -121.72559    46.37201    72.800    RBW
  -121.70989    46.34122    58.500    RBW
  -121.73181    46.31806    62.400    RBW
  -121.66641    46.28898    40.300    RBW
  -121.60225    46.27495    20.800    RBW
  -121.63474    46.55554    18.200    RBW
  -121.62105    46.54116    16.900    RBW
  -121.59467    46.51057    26.000    RBW
  -121.57938    46.49525    33.800    RBW
  -121.56210    46.47295    58.500    RBW
  -121.55235    46.45582    59.800    RBW
  -121.54538    46.44448    59.800    RBW
  -121.55206    46.41677    55.900    RBW
  -121.56825    46.37903    49.400    RBW
  -120.70489    47.16462     0.770    DZ20_32
  -120.65891    47.09762     2.800    DZ20_29
  -120.59059    47.00609     6.240    DZ20_25
  -120.51070    46.97064     6.800    DZ20_UNKNOWN1
  -120.37671    46.84383    14.245    DZ20_21
  -120.35598    46.81821    15.200    DZ20_20
  -120.40341    46.72383     8.580    DZ20_16
  -120.44157    46.69836    12.000    DZ20_15
  -120.51099    46.62643     6.800    DZ20_14
  -120.47113    46.56315     8.000    DZ20_10
  -120.48090    46.51696     4.740    DZ20_6
  -120.43120    46.45340     2.370    DZ20_5
  -120.37867    46.40470     1.600    DZ20_4
  -120.32020    46.37046     1.185    DZ20_3
  -120.33379    46.30719     0.800    DZ20_2_DZ20_1
  -120.06563    47.27834     1.400    WH1
  -120.05211    47.23753     2.800    WH2
  -119.85327    47.23333     4.200    WH3
  -119.85374    47.17595     5.600    WH4
  -119.85338    47.12416     8.400    WH5
  -119.89250    47.06146    11.900    WH6
  -119.95437    47.00890    11.900    WH7
  -119.98475    46.94003    13.300    WH8
  -119.95019    46.85772     8.050    WH9
  -119.91904    46.81166     4.900    WH10
  -119.89511    46.66368     4.200    WH11
  -119.73715    46.64587     3.500    WH12
  -119.55481    47.31836     6.300    WH13
  -119.63627    46.89779    11.200    WH14
  -119.38062    46.82547     7.700    WH15
  -119.13420    46.82622     7.000    WH16
  -119.11879    46.99282    17.500    WH17
  -119.00611    46.70164     4.200    WH18
  -119.00667    46.64494     2.800    WH19
  -119.00685    46.61386     2.100    WH20
  -119.36271    47.81542     0.300    DZ21_1
  -119.35949    47.64114     0.900    DZ21_2
  -119.46899    47.54438     1.425    DZ21_3
  -119.48277    47.39278     3.600    DZ21_6
  -119.45315    47.25942    10.200    DZ21_7
  -119.25778    47.13723    20.300    DZ21_8
  -119.14716    47.01726    21.460    DZ21_9
  -119.13309    46.88687     9.600    DZ21_10
  -119.04888    46.72931     4.350    DZ21_11
  -119.00404    46.57411     1.740    DZ21_12
  -119.05676    46.40057     1.500    DZ21_13
  -119.08357    46.25555     0.300    DZ21_14
  -117.93368    46.40102     0.018    JD1
  -117.98983    46.50982     0.088    JD2
  -118.22147    46.60770     0.519    JD3
  -118.23109    46.66634     1.357    JD4
  -118.39135    46.71319     2.832    JD6
  -118.30076    46.80203     2.915    JD7
  -118.33329    46.90612     9.735    JD8
  -118.34323    46.98350    17.700    JD9
  -118.36566    47.06415    14.685    JD10
  -118.34725    47.13020    38.500    JD11
  -118.28073    47.20525    24.420    JD12
  -118.25766    47.25122    17.464    JD13
  -118.25075    47.39133     6.875    JD14
  -118.25047    47.47868     4.897    JD15
  -118.17087    47.56771     1.652    JD16
  -118.14110    47.65851     0.912    JD17
  -118.17335    47.78306     0.472    JD18
  -118.21542    47.85959     0.147    JD19
  -118.30237    47.90344     0.094    JD20
  -118.16926    48.15350     0.006    JD21
  -118.72173    47.75684     0.295    JD22
  -118.78267    47.53696     1.770    JD23
  -118.69176    47.33400    11.800    JD24
  -118.66494    46.97188    24.780    JD_UNKNOWN1
  -117.34585    47.60306     3.540    JD_UNKNOWN3
  -117.39010    47.60223     5.605    JD_UNKNOWN4
  -117.00202    46.42592     0.350    SW282
  -117.00164    46.72697     0.650    SW328
  -117.00924    46.86673     2.800    SW344
  -117.00357    46.88182     9.800    SW356
  -116.93073    46.96376     9.800    SW365
  -116.82752    47.09659    10.850    SW379
  -116.89010    47.13442    12.250    SW370
  -116.90831    47.29708    13.300    SW390
  -116.92206    47.40072    10.500    SW400
  -116.96353    47.49650     6.900    SW412
  -116.83547    47.66401     2.100    SW424
  -116.79168    47.69954     2.100    SW431
  -116.77110    47.83867     0.840    SW440
  -116.69712    47.98782     0.420    SW450
  -116.60968    48.12496     0.171    SW463
  -115.55586    48.38828     0.700    WH_UNKNOWN
  -114.33579    48.34105     0.014    TB22
  -114.33043    48.24531     0.036    TB21
  -114.28805    48.16404     0.045    TB20
  -114.24585    48.07664     0.063    TB19
  -114.18849    47.96134     0.072    TB18
  -114.22767    47.87407     0.060    TB17
  -114.28359    47.83876     0.099    TB16
  -114.27766    47.80296     0.099    TB15
  -114.22798    47.74212     0.153    TB14
  -114.14515    47.69268     0.144    TB13
  -114.11931    47.59895     0.138    TB12
  -114.09711    47.51495     0.243    TB11
  -114.09683    47.41355     0.243    TB10
  -114.12412    47.30717     0.324    TB9
  -114.16811    47.24381     0.360    TB8
  -114.04441    47.14083     0.198    TB7
  -114.04378    47.07950     0.261    TB6
  -114.12254    47.01023     0.180    TB5
  -114.13173    46.96465     0.315    TB4
  -113.98121    46.87042     0.288    TB1
  -114.07781    46.82305     0.189    TB23
  -114.08254    46.75682     0.203    TB24
  -114.07702    46.65709     0.243    TB25
  -114.11427    46.52344     0.171    TB26
  -114.13767    46.43743     0.135    TB27
  -114.14965    46.34182     0.108    TB28
  -114.15666    46.25489     0.056    TB29
  -114.18133    46.18116     0.027    TB30
  -114.17812    46.03417     0.013    TB31
  -114.13867    45.97181     0.012    TB32
  -114.10966    45.92073     0.009    TB33
  -114.08332    45.90708     0.004    TB34
  -112.53969    45.99277     0.090    TBUNKNOWN
